100011010100
100011010100
100011010100
100011010100
100011011110
100011011110
100011010100
100011011110
100011011110
100011011110
100011011110
100011101000
100011101000
100011101000
100011101000
100011101000
100011101000
100011110010
100011110010
100011110010
100011110010
100011110010
100011110010
100011111100
100011111100
100011111100
100011111100
100011111100
100011111100
100100000110
100100000110
100100000110
100100000110
100100000110
100100000110
100100000110
100100000110
100100000110
100100000110
100100000110
100100000110
100100000110
100100010000
100100010000
100100010000
100100010000
100100010000
100100010000
100100010000
100100010000
100100010000
100100010000
100100010000
100100010000
100100010000
100100010000
100100011010
100100011010
100100011010
100100011010
100100011010
100100011010
100100011010
100100011010
100100011010
100100011010
100100011010
100100011010
100100011010
100100011010
100100100100
100100100100
100100100100
100100100100
100100100100
100100100100
100100100100
100100100100
100100100100
100100100100
100100100100
100100100100
100100100100
100100100100
100100100100
100100100100
100100100100
100100101110
100100101110
100100101110
100100111000
100100111000
100100111000
100100111000
100100111000
100100111000
100100111000
100100111000
100100111000
100100111000
100100111000
100100111000
100100111000
100100111000
100100111000
100100111000
100100111000
100100111000
100100111000
100100111000
100100111000
100100111000
100100111000
100100111000
100101000010
100101000010
100101000010
100101000010
100101000010
100101000010
100101000010
100101000010
100101000010
100101000010
100101001100
100101001100
100101001100
100101001100
100101001100
100101010110
100101001100
100101010110
100101010110
100101010110
100101010110
100101010110
100101010110
100101010110
100101010110
100101010110
100101010110
100101010110
100101010110
100101010110
100101010110
100101010110
100101010110
100101010110
100101010110
100101010110
100101010110
100101010110
100101100000
100101100000
100101100000
100101100000
100101100000
100101100000
100101100000
100101100000
100101100000
100101101010
100101101010
100101101010
100101101010
100101101010
100101101010
100101101010
100101101010
100101101010
100101101010
100101101010
100101101010
100101101010
100101110100
100101110100
100101110100
100110001000
100110001000
100110001000
100110001000
100110010010
100110010010
100110010010
100110011100
100110010010
100110010010
100110010010
100110010010
100110010010
100110010010
100110010010
100110001000
100110001000
100110001000
100110001000
100110001000
100110001000
100110001000
100110001000
100110001000
100110001000
100110001000
100110001000
100110001000
100110001000
100110001000
100110001000
100110001000
100110001000
100110001000
100110001000
100110001000
100110001000
100101111110
100101111110
100101111110
100110001000
100110001000
100101111110
100110001000
100110001000
100110010010
100110010010
100110011100
100110011100
100110011100
100110100110
100110100110
100110100110
100110100110
100110100110
100110110000
100110110000
100110110000
100110110000
100110111010
100110111010
100110111010
100110111010
100110111010
100110111010
100110111010
100111000100
100111000100
100111000100
100111000100
100111000100
100111000100
100111000100
100111000100
100111000100
100111000100
100111000100
100111000100
100110111010
100110111010
100110111010
100110111010
100110111010
100110111010
100110110000
100110110000
100110110000
100110110000
100110110000
100110110000
100110110000
100110110000
100110110000
100110110000
100110110000
100110110000
100110110000
100110110000
100110110000
100110111010
100110111010
100111000100
100111000100
100111000100
100111000100
100111001110
100111001110
100111001110
100111001110
100111001110
100111001110
100111011000
100111011000
100111011000
100111011000
100111011000
100111011000
100111011000
100111011000
100111011000
100111011000
100111011000
100111011000
100111011000
100111011000
100111011000
100111011000
100111011000
100111011000
100111011000
100111011000
100111011000
100111011000
100111011000
100111011000
100111001110
100111001110
100111001110
100111000100
100111000100
100111000100
100111000100
100111000100
100111000100
100111000100
100110111010
100110111010
100110111010
100110111010
100110111010
100110111010
100110111010
100110111010
100110111010
100110111010
100110111010
100110111010
100110111010
100110111010
100110111010
100110111010
100110111010
100110111010
100110111010
100110111010
100110111010
100110111010
100110111010
100110111010
100110111010
100110111010
100110111010
100110111010
100110111010
100110111010
100110111010
100110111010
100110111010
100110111010
100110111010
100110111010
100110111010
100110111010
100110111010
100110111010
100110111010
100110111010
100110111010
100110111010
100110111010
100110111010
100110111010
100110111010
100110111010
100110111010
100110111010
100110111010
100110111010
100110111010
100110111010
100110111010
100110111010
100110111010
100110111010
100110110000
100110110000
100110110000
100110110000
100110110000
100110110000
100110110000
100110110000
100110110000
100110110000
100110110000
100110110000
100110110000
100110110000
100110110000
100110110000
100110110000
100110111010
100110110000
100110110000
100110110000
100110110000
100110111010
100110110000
100110110000
100110110000
100110111010
100110110000
100110110000
100110110000
100110110000
100110110000
100110111010
100110111010
100110110000
100110111010
100110111010
100110111010
100110111010
100110111010
100110111010
100110111010
100110111010
100110111010
100110111010
100110111010
100110111010
100110111010
100110111010
100110110000
100110110000
100110110000
100110110000
100110110000
100110110000
100110110000
100110110000
100110110000
100110110000
100110110000
100110110000
100110110000
100110110000
100110110000
100110110000
100110110000
100110110000
100110110000
100110110000
100110110000
100110110000
100110110000
100110110000
100110110000
100110110000
100110110000
100110110000
100110111010
100110111010
100110111010
100110111010
100110111010
100110111010
100110111010
100110111010
100110111010
100110111010
100110111010
100110111010
100110111010
100110111010
100110111010
100110110000
100110110000
100110110000
100110110000
100110110000
100110110000
100110110000
100110110000
100110110000
100110110000
100110110000
100110110000
100110110000
100110110000
100110110000
100110110000
100110110000
100110110000
100110110000
100110110000
100110110000
100110110000
100110110000
100110110000
100110110000
100110110000
100110110000
100110110000
100110110000
100110110000
100110110000
100110111010
100110111010
100110111010
100110110000
100110111010
100110110000
100110111010
100110110000
100110111010
100110111010
100110111010
100110111010
100110111010
100110111010
100110111010
100110111010
100110111010
100110111010
100110111010
100111000100
100111000100
100111000100
100111000100
100111000100
100111000100
100111000100
100111000100
100111001110
100111000100
100111001110
100111001110
100111001110
100111001110
100111011000
100111011000
100111011000
100111011000
100111011000
100111011000
100111011000
100111011000
100111100010
100111100010
100111100010
100111100010
100111100010
100111100010
100111100010
100111100010
100111101100
100111100010
100111101100
100111101100
100111101100
100111100010
100111100010
100111101100
100111100010
100111100010
100111100010
100111100010
100111100010
100111101100
100111100010
100111101100
100111101100
100111101100
100111101100
100111101100
100111101100
100111110110
100111110110
100111101100
100111110110
100111110110
100111110110
100111110110
100111110110
100111110110
100111110110
100111110110
100111110110
100111110110
100111110110
101000000000
101000000000
101000000000
101000000000
101000001010
101000010100
101000011110
101000101000
101000101000
101000101000
101000110010
101000110010
101000111100
101001000110
101001011010
101001100100
101001101110
101001111000
101010000010
101010000010
101010001100
101010010110
101010010110
101010100000
101010101010
101010101010
101010110100
101010110100
101010110100
101010110100
101010110100
101010110100
101010111110
101010111110
101010111110
101011001000
101011001000
101011001000
101011010010
101011010010
101011010010
101011010010
101011010010
101011011100
101011011100
101011011100
101011011100
101011011100
101011100110
101011100110
101011100110
101011100110
101011011100
101011011100
101011100110
101011100110
101011110000
101011110000
101011111010
101011111010
101011111010
101011111010
101011111010
101011111010
101100000100
101100000100
101100001110
101100001110
101100001110
101100011000
101100011000
101100100010
101100100010
101100100010
101100100010
101100100010
101100100010
101100100010
101100100010
101100100010
101100100010
101100100010
101100101100
101100101100
101100101100
101100101100
101100110110
101100110110
101101000000
101101000000
101100110110
101100110110
101100110110
101100110110
101100101100
101100101100
101100101100
101100101100
101100101100
101100101100
101100101100
101100100010
101100100010
101100100010
101100101100
101100101100
101100110110
101100110110
101101000000
101101000000
101101000000
101101000000
101101000000
101101000000
101101001010
101101001010
101101001010
101101001010
101101001010
101101001010
101101001010
101101000000
101101000000
101101000000
101101000000
101101000000
101101001010
101101000000
101101001010
101101001010
101101001010
101101001010
101101001010
101101010100
101101001010
101101001010
101101010100
101101010100
101101010100
101101011110
101101010100
101101011110
101101011110
101101011110
101101011110
101101011110
101101101000
101101101000
101101101000
101101101000
101101101000
101101101000
101101101000
101101011110
101101011110
101101011110
101101010100
101101010100
101101010100
101101010100
101101001010
101101001010
101101001010
101101001010
101101001010
101101001010
101101010100
101101010100
101101010100
101101010100
101101010100
101101010100
101101010100
101101001010
101101001010
101101001010
101101001010
101101001010
101101001010
101101001010
101101001010
101101001010
101101001010
101101001010
101101001010
101101001010
101101001010
101101001010
101101000000
101101000000
101101000000
101101000000
101100110110
101100110110
101100101100
101100101100
101100101100
101100101100
101100101100
101100101100
101100101100
101100101100
101100101100
101100101100
101100110110
101100110110
101100110110
101100110110
101100110110
101100110110
101100110110
101100110110
101100110110
101100110110
101100110110
101100110110
101101000000
101101000000
101101001010
101101001010
101101001010
101101001010
101101010100
101101010100
101101010100
101101010100
101101010100
101101010100
101101011110
101101010100
101101010100
101101010100
101101010100
101101010100
101101010100
101101010100
101101010100
101101010100
101101010100
101101010100
101101010100
101101010100
101101010100
101101010100
101101001010
101101001010
101101001010
101101000000
101101000000
101101000000
101101000000
101101000000
101101000000
101101000000
101101000000
101101000000
101101000000
101101000000
101101000000
101101000000
101101001010
101101001010
101101001010
101101001010
101101010100
101101001010
101101001010
101101001010
101101001010
101101001010
101101010100
101101011110
101101011110
101101011110
101101011110
101101011110
101101011110
101101101000
101101101000
101101101000
101101101000
101101011110
101101011110
101101011110
101101011110
101101011110
101101011110
101101011110
101101011110
101101101000
101101101000
101101101000
101101101000
101101101000
101101110010
101101110010
101101110010
101101110010
101101110010
101101110010
101101110010
101101110010
101101110010
101101110010
101101110010
101101110010
101101101000
101101101000
101101101000
101101101000
101101101000
101101101000
101101110010
101101110010
101101110010
101101110010
101101110010
101101110010
101101101000
101101101000
101101011110
101101011110
101101011110
101101011110
101101011110
101101011110
101101011110
101101011110
101101101000
101101101000
101101101000
101101101000
101101101000
101101101000
101101101000
101101101000
101101101000
101101101000
101101101000
101101101000
101101101000
101101101000
101101101000
101101101000
101101101000
101101101000
101101101000
101101101000
101101101000
101101101000
101101110010
101101110010
101101101000
101101110010
101101110010
101101101000
101101101000
101101101000
101101101000
101101101000
101101101000
101101101000
101101101000
101101101000
101101101000
101101101000
101101011110
101101011110
101101011110
101101011110
101101011110
101101011110
101101011110
101101011110
101101011110
101101011110
101101011110
101101011110
101101011110
101101011110
101101101000
101101101000
101101101000
101101110010
101101110010
101101110010
101101111100
101101111100
101101111100
101101110010
101101110010
101101110010
101101111100
101101111100
101101111100
101101111100
101110000110
101101111100
101101111100
101101111100
101101111100
101101111100
101101111100
101101111100
101101111100
101101111100
101101111100
101101111100
101101111100
101101111100
101101111100
101110000110
101110000110
101110000110
101101111100
101101111100
101101110010
101101110010
101101110010
101101110010
101101110010
101101101000
101101101000
101101101000
101101101000
101101101000
101101110010
101101110010
101101111100
101110000110
101110000110
101110000110
101110010000
101110010000
101110010000
101110010000
101110010000
101110000110
101101111100
101101111100
101101111100
101101111100
101101111100
101101111100
101110000110
101110000110
101110000110
101110000110
101110000110
101110000110
101110000110
101110000110
101110000110
101110000110
101110000110
101110000110
101101111100
101101111100
101101111100
101101111100
101101111100
101101111100
101101111100
101101111100
101101110010
101101110010
101101110010
101101110010
101101110010
101101110010
101101110010
101101110010
101101110010
101101110010
101101110010
101101110010
101101110010
101101111100
101101111100
101101111100
101101111100
101101111100
101101111100
101101111100
101101111100
101101111100
101101111100
101101111100
101101110010
101101110010
101101110010
101101111100
101101111100
101101111100
101101111100
101101111100
101101111100
101101111100
101101111100
101101111100
101101111100
101101111100
101101111100
101101111100
101101111100
101101111100
101101111100
101101111100
101110000110
101110000110
101110000110
101110000110
101110000110
101110000110
101110000110
101101111100
101110000110
101110000110
101110000110
101110000110
101110000110
101110000110
101110000110
101110000110
101110000110
101110000110
101110000110
101110000110
101110000110
101110000110
101101111100
101101111100
101101111100
101101111100
101101110010
101101110010
101101110010
101101110010
101101111100
101101111100
101101111100
101101111100
101110000110
101101111100
101110000110
101110000110
101110000110
101110000110
101110010000
101110010000
101110010000
101110010000
101110010000
101110010000
101110010000
101110000110
101110000110
101110000110
101110000110
101110000110
101110000110
101101111100
101101111100
101110000110
101110000110
101110000110
101110000110
101110000110
101110010000
101110000110
101110000110
101110000110
101110000110
101101111100
101101111100
101110000110
101110000110
101101111100
101101111100
101110000110
101110000110
101110010000
101110010000
101110010000
101110010000
101110010000
101110010000
101110011010
101110010000
101110010000
101110010000
101110010000
101110010000
101110010000
101110010000
101110010000
101110010000
101110010000
101110010000
101110010000
101110010000
101110010000
101110010000
101110010000
101110010000
101110010000
101110010000
101110000110
101110000110
101110000110
101110000110
101110000110
101101111100
101110000110
101110000110
101110000110
101110000110
101110000110
101110000110
101101111100
101101111100
101101111100
101101111100
101101110010
101101110010
101101110010
101101110010
101101110010
101101110010
101101110010
101101110010
101101110010
101101110010
101101101000
101101101000
101101101000
101101101000
101101101000
101101110010
101101110010
101101110010
101101110010
101101110010
101101110010
101101110010
101101110010
101101110010
101101110010
101101111100
101101110010
101101110010
101101110010
101101110010
101101111100
101101111100
101101111100
101101111100
101101111100
101101111100
101101111100
101101111100
101101111100
101101111100
101101111100
101101111100
101110000110
101110000110
101110000110
101110000110
101110010000
101110010000
101110010000
101110010000
101110011010
101110011010
101110011010
101110011010
101110011010
101110011010
101110011010
101110011010
101110010000
101110010000
101110010000
101110010000
101110010000
101110010000
101110010000
101110010000
101110010000
101110000110
101110000110
101110000110
101110000110
101101111100
101101111100
101101111100
101101111100
101101111100
101101110010
101101110010
101101110010
101101110010
101101110010
101101110010
101101110010
101101110010
101101110010
101101110010
101101101000
101101101000
101101101000
101101110010
101101110010
101101110010
101101110010
101101110010
101101110010
101101101000
101101101000
101101101000
101101101000
101101101000
101101011110
101101011110
101101011110
101101011110
101101011110
101101011110
101101011110
101101011110
101101011110
101101011110
101101011110
101101011110
101101101000
101101011110
101101011110
101101011110
101101011110
101101011110
101101101000
101101011110
101101101000
101101101000
101101101000
101101101000
101101101000
101101101000
101101101000
101101101000
101101101000
101101101000
101101110010
101101101000
101101101000
101101101000
101101101000
101101101000
101101011110
101101011110
101101011110
101101010100
101101011110
101101011110
101101011110
101101011110
101101101000
101101101000
101101110010
101101110010
101101110010
101101110010
101101110010
101101110010
101101110010
101101110010
101101110010
101101110010
101101110010
101101101000
101101101000
101101101000
101101101000
101101110010
101101110010
101101110010
101101111100
101101111100
101101111100
101101111100
101101111100
101101111100
101101111100
101101111100
101101110010
101101110010
101101101000
101101101000
101101011110
101101011110
101101011110
101101010100
101101010100
101101001010
101101001010
101101000000
101101000000
101101000000
101101000000
101101001010
101101001010
101101010100
101101010100
101101011110
101101101000
101101110010
101101110010
101101111100
101101111100
101101111100
101101111100
101110000110
101110000110
101110000110
101110000110
101110000110
101110000110
101101111100
101101111100
101101110010
101101110010
101101101000
101101101000
101101011110
101101001010
101101000000
101101000000
101101000000
101101000000
101101001010
101101010100
101101010100
101101010100
101101010100
101101010100
101101010100
101101010100
101101010100
101101010100
101101010100
101101001010
101101001010
101101010100
101101010100
101101010100
101101011110
101101011110
101101011110
101101101000
101101101000
101101101000
101101101000
101101110010
101101110010
101101110010
101101110010
101101110010
101101110010
101101111100
101101111100
101110000110
101110000110
101110000110
101110000110
101110000110
101110000110
101101111100
101101111100
101101111100
101101111100
101101111100
101110000110
101101111100
101101111100
101101111100
101101111100
101101111100
101101111100
101101111100
101110000110
101110010000
101110010000
101110010000
101110010000
101110010000
101110010000
101110011010
101110011010
101110100100
101110100100
101110100100
101110101110
101110101110
101110101110
101110101110
101110101110
101110101110
101110101110
101110101110
101110101110
101110101110
101110101110
101110101110
101110101110
101110101110
101110111000
101110111000
101110111000
101110111000
101110111000
101110111000
101110111000
101110111000
101110111000
101110111000
101110111000
101110111000
101110111000
101110111000
101110111000
101110111000
101110111000
101110111000
101110111000
101110111000
101110111000
101110111000
101110111000
101110111000
101110101110
101110101110
101110100100
101110100100
101110101110
101110101110
101110101110
101110111000
101110111000
101111000010
101111000010
101111000010
101111000010
101111000010
101111000010
101111000010
101111000010
101111000010
101111000010
101110111000
101110111000
101110111000
101110111000
101111000010
101111000010
101111000010
101110111000
101110111000
101110111000
101110111000
101110101110
101110101110
101110101110
101110101110
101110101110
101110101110
101110101110
101110111000
101110111000
101110111000
101111000010
101111000010
101111000010
101111001100
101111010110
101111010110
101111100000
101111100000
101111100000
101111101010
101111101010
101111110100
101111110100
101111111110
101111111110
101111111110
101111111110
101111111110
101111111110
101111111110
101111111110
101111111110
101111111110
101111111110
110000001000
110000001000
110000001000
110000001000
110000010010
110000010010
110000011100
110000100110
110000100110
110000100110
110000100110
110000100110
110000100110
110000011100
110000010010
110000010010
110000001000
101111111110
101111111110
101111110100
101111110100
101111101010
101111101010
101111100000
101111101010
101111101010
101111101010
101111110100
101111101010
101111101010
101111101010
101111100000
101111100000
101111100000
101111100000
101111100000
101111100000
101111100000
101111100000
101111100000
101111100000
101111010110
101111010110
101111010110
101111010110
101111001100
101111000010
101111000010
101111000010
101111001100
101111001100
101111000010
101111001100
101111001100
101111010110
101111010110
101111010110
101111010110
101111010110
101111010110
101111001100
101111001100
101111010110
101111010110
101111010110
101111010110
101111010110
101111010110
101111010110
101111001100
101111001100
101111001100
101111001100
101111001100
101111001100
101111001100
101111000010
101111000010
101111001100
101111001100
101111000010
101111000010
101111000010
101111000010
101110111000
101110111000
101110111000
101110101110
101110101110
101110101110
101110100100
101110100100
101110100100
101110101110
101110101110
101110101110
101110101110
101110101110
101110101110
101110100100
101110100100
101110100100
101110100100
101110011010
101110011010
101110011010
101110011010
101110011010
101110011010
