100100111010
100101000001
100101000111
100101001101
100101001101
100101010011
100101010011
100101010011
100101011010
100101011010
100101100000
100101100110
100101100110
100101100110
100101101100
100101101100
100101101100
100101110011
100101101100
100101101100
100101110011
100101111001
100101111001
100101111001
100101111001
100101111111
100101111001
100101111001
100101111111
100101111111
100110000101
100110000101
100110000101
100110001100
100110001100
100110010010
100110001100
100110001100
100110001100
100110010010
100110010010
100110010010
100110010010
100110001100
100110010010
100110010010
100110010010
100110011000
100110011000
100110011000
100110011000
100110011000
100110011000
100110011000
100110011110
100110011000
100110011110
100110011110
100110011110
100110011110
100110011000
100110011000
100110011110
100110011110
100110011110
100110011110
100110100101
100110011110
100110011110
100110100101
100110011110
100110011110
100110100101
100110100101
100110100101
100110100101
100110100101
100110011110
100110100101
100110100101
100110100101
100110100101
100110011110
100110100101
100110011110
100110011110
100110100101
100110011110
100110100101
100110100101
100110100101
100110100101
100110100101
100110100101
100110101011
100110100101
100110101011
100110100101
100110100101
100110101011
100110100101
100110100101
100110011110
100110011110
100110100101
100110100101
100110100101
100110100101
100110100101
100110100101
100110100101
100110100101
100110101011
100110101011
100110101011
100110101011
100110101011
100110101011
100110101011
100110110001
100110110001
100110110001
100110101011
100110101011
100110110001
100110110001
100110110001
100110110001
100110110001
100110110001
100110110001
100110110001
100110110001
100110110001
100110110111
100110110111
100110110111
100110110111
100110111110
100110110111
100110110111
100110110111
100110110111
100110110111
100110110111
100110110111
100110110111
100110111110
100110111110
100110111110
100110110111
100110111110
100111000100
100111000100
100110111110
100110111110
100110111110
100111000100
100111000100
100110111110
100110110111
100110111110
100111000100
100110111110
100110111110
100110111110
100110111110
100111000100
100110111110
100111000100
100111000100
100110111110
100110111110
100110111110
100110111110
100110111110
100110111110
100111000100
100110111110
100111000100
100111000100
100111001010
100111000100
100111000100
100111000100
100111000100
100111001010
100111000100
100111000100
100111000100
100111000100
100111000100
100111001010
100111000100
100111001010
100111000100
100111000100
100111000100
100111000100
100111000100
100111000100
100111000100
100111000100
100111000100
100111000100
100111000100
100111000100
100111000100
100111000100
100110111110
100110111110
100111000100
100110111110
100111000100
100111000100
100111000100
100111000100
100111000100
100111000100
100110111110
100111000100
100111000100
100111000100
100110111110
100111000100
100111000100
100111000100
100111000100
100111001010
100111000100
100111001010
100111001010
100111001010
100111001010
100111001010
100111001010
100111010000
100111010000
100111010000
100111010000
100111010000
100111010000
100111010000
100111010000
100111010111
100111010111
100111010111
100111010111
100111010111
100111010111
100111010111
100111011101
100111010111
100111010111
100111011101
100111011101
100111011101
100111010111
100111010111
100111010111
100111011101
100111011101
100111011101
100111011101
100111011101
100111011101
100111011101
100111011101
100111011101
100111011101
100111011101
100111011101
100111100011
100111011101
100111100011
100111100011
100111100011
100111101001
100111101001
100111100011
100111101001
100111101001
100111110000
100111101001
100111101001
100111101001
100111110000
100111110000
100111110000
100111110000
100111110110
100111110000
100111110000
100111110000
100111110000
100111110000
100111110110
100111110000
100111110000
100111110110
100111110110
100111110000
100111110110
100111110000
100111110110
100111110110
100111110110
100111110110
100111110110
100111110110
100111110110
100111110110
100111110110
100111110110
100111110000
100111110000
100111110000
100111110000
100111110000
100111110000
100111110000
100111110000
100111111100
100111110110
100111110110
100111110110
100111110110
100111110110
100111110000
100111110000
100111110000
100111101001
100111110000
100111101001
100111110000
100111101001
100111101001
100111101001
100111101001
100111101001
100111101001
100111101001
100111101001
100111101001
100111100011
100111101001
100111101001
100111101001
100111101001
100111100011
100111100011
100111100011
100111100011
100111101001
100111101001
100111100011
100111101001
100111100011
100111101001
100111101001
100111100011
100111100011
100111100011
100111100011
100111101001
100111100011
100111101001
100111101001
100111100011
100111100011
100111101001
100111101001
100111101001
100111101001
100111101001
100111101001
100111101001
100111101001
100111101001
100111101001
100111100011
100111110000
100111101001
100111101001
100111101001
100111101001
100111100011
100111101001
100111101001
100111101001
100111100011
100111101001
100111101001
100111101001
100111100011
100111101001
100111101001
100111100011
100111011101
100111100011
100111100011
100111011101
100111100011
100111011101
100111100011
100111011101
100111100011
100111100011
100111100011
100111100011
100111100011
100111100011
100111101001
100111101001
100111101001
100111101001
100111101001
100111101001
100111101001
100111101001
100111101001
100111101001
100111101001
100111101001
100111101001
100111101001
100111101001
100111100011
100111101001
100111101001
100111101001
100111101001
100111101001
100111101001
100111101001
100111101001
100111101001
100111101001
100111100011
100111100011
100111101001
100111100011
100111100011
100111100011
100111100011
100111100011
100111100011
100111100011
100111100011
100111100011
100111100011
100111100011
100111011101
100111100011
100111011101
100111011101
100111011101
100111011101
100111011101
100111100011
100111011101
100111100011
100111011101
100111011101
100111011101
100111011101
100111011101
100111100011
100111100011
100111011101
100111011101
100111100011
100111011101
100111011101
100111011101
100111011101
100111100011
100111011101
100111011101
100111011101
100111011101
100111010111
100111010111
100111010111
100111010111
100111010111
100111011101
100111010111
100111011101
100111011101
100111011101
100111011101
100111011101
100111011101
100111011101
100111011101
100111011101
100111011101
100111011101
100111011101
100111011101
100111100011
100111100011
100111100011
100111100011
100111100011
100111100011
100111100011
100111101001
100111100011
100111101001
100111101001
100111100011
100111101001
100111100011
100111101001
100111110000
100111101001
100111101001
100111110000
100111110000
100111110000
100111110000
100111110110
100111110110
100111110110
100111111100
100111111100
100111111100
100111111100
100111111100
100111111100
101000000010
101000000010
101000001001
101000001111
101001000001
101001101101
101010010010
101010110001
101011000100
101011011101
101011110110
101100000011
101100010101
101100101110
101100010101
101100001111
101100101000
101101000001
101101011010
101101110011
101110000110
101110011111
101110111110
101111100100
110000011100
110001011010
110010100110
110011110001
110101001000
110110100110
111000000100
111001010101
111010101100
111011110111
111101000010
111110000111
111111000110
1000000001010
1000001001001
1000010001110
1000011001100
1000100001011
1000101001001
1000110001000
1000111000000
1000111101100
1001000100100
1001001010000
1001010000010
1001010100111
1001011000000
1001011011001
1001011101100
1001011111000
1001011111111
1001100001011
1001100001011
1001100010001
1001100011000
1001100011110
1001100100100
1001100101010
1001100110111
1001101000011
1001101001010
1001101010110
1001101011100
1001101101001
1001101101111
1001110000010
1001110001000
1001110010101
1001110011011
1001110100111
1001110101110
1001110111010
1001111000000
1001111000111
1001111010011
1001111011001
1001111100110
1001111101100
1001111111111
1010000000101
1010000010010
1010000011110
1010000101011
1010000110001
1010000111101
1010001000100
1010001010000
1010001010000
1010001010110
1010001100011
1010001101111
1010001101111
1010001111100
1010001110110
1010001101111
1010001101111
1010001100011
1010001011101
1010001001010
1010001000100
1010000111101
1010000110001
1010000100100
1010000001011
1010000000101
1001111111001
1001111110010
1001111100000
1001111011001
1001111001101
1001110111010
1001110111010
1001111000000
1001110111010
1001110110100
1001110100111
1001110100001
1001110010101
1001110000010
1001101110101
1001101101001
1001101010000
1001101000011
1001100101010
1000101110101
1001111110010
1011010000011
1001100001011
1010010100001
1010111111001
1011000000110
1011001110110
1100001000101
1100011000010
1011100110010
1011011100111
1011110101111
1011011100111
1100111101101
1110010111100
1111110000101
10000001011001
10000110110111
10010011111101
1111111010110
10001001100000
10001100011011
10001101110011
10001100100010
10001011110110
10001100101000
10001011110000
1111011001001
10000001001101
1111111000011
10000101111111
10001001100110
10001000100001
10001011000100
10000110111101
1111110110000
1111010000100
1111101001100
1111110111101
1111100001000
1111100011010
10000001010011
10001001101100
10001010100101
10000110000101
10000111101001
10001001001101
10000100101110
10000010100100
10000101100000
1111110100100
10000001000110
1111111101111
10000010111101
10000010101010
1111110010001
10000100110100
10000000010100
10000010011000
10010000011100
10001111110110
10010000101110
10001111011101
10001111010001
10001111110110
10001111000100
10001000101110
10000111100011
10001001100000
10001110001100
10010001011010
10001100101000
10000111101001
10001011100011
10001100111011
10001010011000
10000100011011
1111101000000
1110100000001
1101101110111
1101001100100
1100101100100
1100001111101
1011110110101
1011100011001
1011010000011
1011000001100
1010110011011
1010100111110
1010011101100
1010010101110
1010001110110
1010001000100
1010000011000
1001111100110
1001110111010
1001110011011
1001101111100
1001101100011
1001101000011
1001100110001
1001100011110
1001100001011
1001011111111
1001011111000
1001011101100
1001011101100
1001011011111
1001011001101
1001011000110
1001010111010
1001010101101
1001010011011
1001010001110
1000110100001
1000011001100
1000000001010
111111101011
1000001010101
1000011011001
1000101111011
1001000011110
1001010100001
1001100011000
1001101110101
1001111000111
1010000000101
1010001010110
1010010010101
1010011000001
1010011100110
1010011111111
1010100010010
1010100101011
1010100110111
1010101001010
1010101010111
1010101011101
1010101101001
1010101111100
1010110001001
1010110010101
1010110100010
1010110101000
1010110110100
1010110111011
1010110111011
1010110110100
1010110110100
1010110101000
1010110001111
1010101111100
1010110101110
1010111001101
1010111100110
1010111111111
1011000010010
1011000011000
1011000101011
1011000111000
1011000111110
1011000111110
1011001001010
1011001011101
1011001101010
1011001110110
1011010001001
1011010011100
1011010100010
1011010110101
1011011000001
1011011010100
1011011101101
1011100000110
1011100011111
1011100111110
1011101010111
1011101101010
1011110000011
1011110010110
1011110011100
1011110010110
1011110010110
1011110001111
1011110001001
1011101110110
1011101101010
1011101011101
1011101010001
1011101000100
1011100111110
1011100110010
1011100101011
1011100100101
1011100011111
1011100010010
1011100000110
1011100000000
1011001111100
1010101110110
1010010010101
1001111011001
1001100111101
1001011000110
1001001100010
1001000010111
1000111011001
1000110101101
1000110001110
1000101110101
1000101100010
1000101011100
1000101100010
1000101100010
1000101101000
1000101110101
1000110001000
1000110010100
1000110101101
1000110111010
1000111001100
1000111011001
1000111011111
1000111100101
1000111111000
1000111111110
1001000001011
1001000010111
1001000011110
1001000011110
1001000000101
1000101011100
1000100001011
1000101001001
1000101000011
1000101001111
1000101100010
1000101111011
1000110010100
1000110100001
1000110101101
1000110111010
1000111000110
1000111010011
1000111011111
1000111110010
1000111111000
1001000000101
1001000001011
1001000010111
1001000100100
1001000101010
1001000110000
1001000111101
1001001000011
1001001001001
1001001010000
1001001010000
1001001010110
1001001010000
1001001000011
1001000111101
1001000110111
1001000101010
1001000100100
1001000010111
1001000001011
1000111111110
1000111101100
1000111011111
1000111010011
1000111000110
1000110111010
1000110100111
1000110100001
1000110010100
1000110001000
1000110000001
1000101101111
1000101100010
1000101010110
1000101001111
1000101000011
1000100110110
1000100110000
1000100100100
1000100011101
1000100010001
1000100001011
1000011111110
1000011111000
1000011110010
1000011101011
1000011011111
1000011011001
1000011001100
1000011000110
1000011000000
1000010110011
1000010101101
1000010100111
1000010011010
1000010011010
1000010001110
1000010000111
1000010000001
1000001110101
1000001101110
1000001101000
1000001100010
1000001011100
1000001010101
1000001001001
1000001000011
1000000111100
1000000110000
1000000110000
1000000101010
1000000011101
1000000010111
1000000010001
1000000001010
1000000000100
111111111110
111111111000
111111110001
111111101011
111111100101
111111011111
111111011000
111111010010
111111001100
111111000110
111110111111
111110111001
111110110011
111110101101
111110100110
111110100110
111110011010
111110010100
111110010100
111110001101
111110001101
111110000111
111110000001
111101111011
111101111011
111101101110
111101101000
111101100010
111101100010
111101011011
111101011011
111101010101
111101001111
111101001001
111101001001
111101000010
111100111100
111100110000
111100101001
111100101001
111100100011
111100100011
111100100011
111100000100
111011100101
111011100101
111011100101
111011010010
111011001100
111011001100
111011010010
111011001100
111011001100
111011001100
111011001100
111011001100
111011000101
111011000101
111010111111
111010111001
111010111001
111010111001
111010110011
111010101100
111010101100
111010101100
111010100110
111010100110
111010100000
111010011010
111010010011
111010001101
111010000111
111010000111
111010000111
111010000001
111010000001
111001110100
111001110100
111001101110
111001101110
111001101000
111001101000
111001100001
111001011011
111001010101
111001001111
111001001111
111001001000
111001001000
111001000010
111001000010
111000111100
111000111100
111000110110
111000110110
111000110110
111000101111
111000101001
111000100011
111000011101
111000011101
111000010110
111000010000
111000010000
111000001010
111000000100
110111111101
110111110111
110111110001
110111110001
110111101011
110111101011
110111101011
110111100100
110111011110
110111011110
110111011110
110111011000
110111001011
110111001011
110111000101
110111000101
110110111001
110110111001
110110111001
110110110010
110110101100
110110100110
110110100110
110110100110
110110100000
110110100000
110110011001
110110010011
110110011001
110110010011
110110001101
110110001101
110110000111
110110000000
110110000000
110110000000
110101111010
110101111010
110101110100
110101101110
110101101110
110101100111
110101100111
110101100111
110101011011
110101011011
110101011011
110101010101
110101010101
110101001110
110101001110
110101001110
110101001000
110101000010
110101000010
110100111100
110100111100
110100111100
110100110101
110100110101
110100110101
110100101111
110100101001
110100101001
110100100011
110100100011
110100011100
110100011100
110100010110
110100010110
110100010110
110100010000
110100010000
110100001010
110100001010
110100000011
110100000011
110100000011
110011111101
110100000011
110011111101
110011110111
110011110111
110011110001
110011110001
110011101010
110011101010
110011100100
110011100100
110011011110
110011011110
110011011000
110011011000
110011011000
110011001011
110011001011
110011001011
110011000101
110010111111
110010111111
110010111000
110010111000
110010111000
110010110010
110010101100
110010101100
110010101100
110010101100
110010100110
110010100110
110010011111
110010100110
110010011111
110010011001
110010011001
110010011111
110010011001
110010010011
110010010011
110010010011
110010001101
110010001101
110010001101
110010000110
110010000000
110010000000
110001111010
110010000000
110001111010
110010000000
110001111010
110001111010
110001110011
110001110011
110001110011
110001101101
110001101101
110001101101
110001100111
110001100111
110001100001
110001100001
110001011010
110001011010
110001010100
110001010100
110001010100
110001001110
110001001110
110001001110
110001001110
110001001000
110001001000
110001000001
110001000001
110001000001
110000111011
110000111011
110000111011
110000110101
110000110101
110000101111
110000101111
110000101111
110000101000
110000101111
110000101000
110000101000
110000101000
110000100010
110000100010
110000100010
110000100010
110000011100
110000011100
110000010110
110000010110
110000011100
110000010110
110000001111
110000001111
110000001111
110000001001
110000001001
110000001001
110000001001
110000000011
110000000011
110000000011
101111111101
101111111101
101111111101
101111111101
101111111101
101111110110
101111110110
101111110110
101111110000
101111110000
101111110000
101111110000
101111110000
101111101010
101111101010
101111101010
101111100100
101111100100
101111100100
101111100100
101111011101
101111010111
101111010111
101111010111
101111010001
101111001011
101111001011
101111001011
101111000100
101111000100
101110111110
101110111110
101110111110
101110111000
101110111000
101110110010
101110110010
101110110010
101110110010
101110101011
101110101011
101110101011
101110101011
101110100101
101110101011
101110100101
101110100101
101110011111
101110100101
101110011111
101110011001
101110011111
101110011001
101110011001
101110011001
101110010010
101110010010
101110010010
101110001100
101110001100
101110010010
101110000110
101110001100
101110001100
101110000110
101110000110
101110000110
101110000110
101110000110
101110000110
101110000110
101110000000
101110000000
101101111001
101110000000
101101111001
101101111001
101101111001
101101111001
101101110011
101101110011
101101101101
101101101101
101101101101
101101100111
101101101101
101101100111
101101101101
101101101101
101101100111
101101100111
101101101101
101101100111
101101100000
101101100000
101101100000
101101100000
101101100000
101101100000
101101011010
101101011010
101101011010
101101011010
101101011010
101101011010
101101010100
101101010100
101101010100
101101001110
101101001110
101101000111
101101001110
101101001110
101101000111
101101000001
101101000111
101101000001
101101000001
101101000001
101101000001
101100111011
101100111011
101100111011
101100110101
101100111011
101100110101
101100110101
101100110101
101100110101
101100110101
101100110101
101100110101
101100101110
101100101110
101100101110
101100101110
101100101000
101100101000
101100101000
101100101000
101100101000
101100100010
101100100010
101100100010
101100100010
101100100010
101100011100
101100100010
101100011100
101100100010
101100100010
101100100010
101100101000
101100100010
101100100010
101100101000
101100101000
101100100010
101100100010
101100100010
101100101000
101100100010
101100100010
101100011100
101100100010
101100100010
101100100010
101100100010
101100011100
101100011100
101100011100
101100011100
101100011100
101100011100
101100010101
101100010101
101100010101
101100010101
101100001111
101100001111
101100010101
101100010101
101100010101
101100001111
101100010101
101100001111
101100001111
101100001111
101100001001
101100001111
101100010101
101100010101
101100001111
101100001111
101100010101
101100001111
101100010101
101100010101
101100010101
101100010101
101100001111
101100010101
101100010101
101100010101
101100011100
101100010101
101100001111
101011110110
101011111100
101100000011
101100000011
101100000011
101100000011
101100000011
101100000011
101100000011
101100000011
101100000011
101100000011
101100000011
101100000011
101100000011
101100000011
101100000011
101100000011
101100001001
101100000011
101100001001
101100001001
101100001001
101100001001
101100001001
101100001001
101100000011
101100000011
101100000011
101100001001
101100001001
101100000011
101100001001
101100000011
101011110110
101011111100
101011111100
101011110110
101011111100
101011111100
101011111100
101011110110
101011111100
101011110110
101011111100
101100000011
101100000011
101100001001
101100001001
101100001001
101100000011
101100000011
101100001001
101100001001
101100001001
101100001001
101100001001
101100001001
101100000011
101011111100
101011111100
101011111100
101011110110
101011110110
101011110000
101011110110
101011110110
101011110110
101011110110
101011110000
101011110110
101011110110
101011110110
1000010111001
1000011010010
1001010001110
1001000010001
1001001111011
1001010111010
1001010001110
1010010000010
1010001101001
1010110000010
1011011100000
1011011011010
1011100101011
1011010100010
1011011100111
1011110110101
1011100101011
1100101010111
1100111110100
1101000010011
1100100011111
1101111101000
1110100110011
1110010011101
1110001110111
1110100100000
1110110101010
1110011100010
1110101010010
10000100101110
1101111111010
1111100010100
1111100100001
10000000011011
10000000110100
10000011101001
10001010110001
10000100011011
10001010011000
1111010110110
10000000100001
10001011001010
10001000100001
10001000001111
1110111000011
1101111010101
10001000111010
10010101001110
10010010110010
10011101011011
10000001101100
10000101000111
10000001101100
10010101100111
10100000000100
10100010101100
10011110000111
10010101001000
10010110011001
10001011101001
10001001110011
10001100001001
10010110001100
10011101111010
10100010110011
10100001101110
10100010001101
10000101110010
10011000000011
10011111010010
10100000111100
10100001100001
10100000110110
10100000101111
10100000110110
10100000101001
10100000101111
10100000110110
10100000010110
10100000010110
10100000000100
10011111110111
10100010101100
10100100011101
10100101001111
10100101010101
10100110001101
10100100001010
10100100001010
10100101000010
10100101001001
10100101010101
10100101001001
10100101001111
10100101101000
10100101111011
10100101101110
10100101110100
10100110111001
10100111000110
10100111011000
10100111101011
10100101101110
10100101001001
10100101101000
10100101101000
10100110000001
10100110100110
10100110111111
10100111001100
10100110100110
10100110100110
10100110101101
10100110100000
10100110111111
10100111111110
10101000111100
10011010101100
10100101010101
10101000101010
10101001100010
10100111110001
10100110100000
10100101100010
10100101100010
10100101010101
10100101100010
10100110000111
10100110001101
10100110000111
10100110100110
10100110110011
10100110100000
10101001000011
10110000010111
10110001010110
10110001000011
10110000110111
10110000011110
10110000001011
10101111110010
