101010101110
100000110100
1001001010000
100100101000
101111010011
111101000010
100001100100
100101011001
1000011111010
100000110100
100011110111
101001111110
1000110111101
100011110111
100101011001
1000000110110
100100101000
100000110100
100000000011
100000000011
111100010001
100011110111
100011000110
100001100100
1000100101011
100100101000
1000110111101
110111101100
100000000011
1001000011111
111010110000
1001001010000
100010010101
100001100100
100011110111
1000100101011
100010010101
100010010101
100011110111
1000101011011
100001100100
11111010010
111000011101
100001100100
100000110100
11111010010
100000110100
100110001001
100011000110
100000000011
110011000111
101001001101
100001100100
111001001110
101001001101
100000110100
100001100100
1000111101110
1000001100111
110110111100
100001100100
110000110101
100000000011
101001001101
1001010110001
100000000011
110011000111
1000110001100
100000000011
110001100110
100110111010
110000000100
110000000100
111010110000
110000000100
110110111100
100000000011
100001100100
100110001001
1000010011000
111011100001
100111101011
100011000110
11111010010
111001001110
1000011111010
110011000111
11111010010
11111010010
111001001110
101101110010
11111010010
100011000110
100011000110
11111010010
100010010101
100001100100
100000000011
111101110011
100000110100
100100101000
111001001110
1000011111010
100110001001
100010010101
111001111111
1001000011111
100000000011
11110100001
100000110100
100000110100
11111010010
101001001101
110111101100
110011111000
111001001110
100001100100
100000000011
101011011111
11111010010
1000111101110
100001100100
1000000110110
111110100100
100001100100
11111010010
111101000010
100000000011
11111010010
100000000011
100100101000
11111010010
1000100101011
100000000011
110011111000
1001010000000
110101011010
110000110101
111001111111
100000000011
1000000110110
100100101000
101000011100
100000000011
100001100100
101101000001
1000000110110
100001100100
100000000011
100000000011
100011000110
1000001100111
100110111010
100000000011
100011000110
100001100100
100110001001
100011110111
100000000011
100011000110
100110001001
100110001001
1001010000000
100011110111
100000110100
100111101011
100010010101
100010010101
100101011001
100011110111
110010010111
1000000000110
110011111000
111000011101
100010010101
100000110100
100011000110
100110001001
111010110000
101010101110
100010010101
100011000110
100110001001
100011110111
101000011100
100001100100
100010010101
110000110101
100001100100
110110001011
100111101011
100010010101
1000110001100
101001001101
101110100011
101110100011
111100010001
100011000110
110010010111
100001100100
1000110111101
100101011001
1001000011111
100100101000
111000011101
100110001001
1000101011011
101001001101
110011000111
110100101001
100001100100
101010101110
111001111111
100001100100
111101000010
101100010000
100011000110
100011110111
110110001011
101111010011
101000011100
101001001101
1000110001100
100011000110
110011111000
100011110111
100011000110
111101000010
1000110001100
1000101011011
100011110111
111001111111
101000011100
111000011101
100011110111
100110111010
110110001011
101001001101
100110111010
100011000110
1001000011111
100011000110
100011000110
110111101100
100011000110
100111101011
100101011001
101000011100
110100101001
100011000110
100011000110
100011110111
101111010011
110110001011
100100101000
100011000110
1000100101011
100100101000
101001001101
100011000110
100011110111
100011000110
110011000111
100110001001
110100101001
100011000110
100011000110
101001001101
100011000110
1000000000110
100100101000
100011110111
100011000110
101000011100
110110001011
1000101011011
110000110101
1000010011000
100011110111
100111101011
1000000000110
111000011101
111001001110
100011110111
100011000110
1000010011000
101100010000
110100101001
100100101000
100100101000
101000011100
100011110111
110000110101
100110111010
100011000110
100011110111
1000000110110
110110001011
101010101110
101010101110
101001111110
100110001001
100111101011
1000011111010
100110001001
100111101011
100110111010
1000100101011
111101000010
100110001001
111101110011
1000100101011
110110001011
101000011100
100101011001
111001111111
100111101011
110110111100
100111101011
100011110111
100011110111
1000011111010
100100101000
100101011001
100111101011
100111101011
100110001001
1000110111101
110011111000
101010101110
100011000110
1000110111101
101100010000
101000011100
100011110111
110011000111
110010010111
100011000110
111001111111
100011000110
110101011010
1000110111101
1000000110110
100110001001
100111101011
101101110010
111110100100
101001001101
100111101011
101001001101
1001000011111
101001111110
100100101000
101001111110
100100101000
101001111110
100111101011
110111101100
1000010011000
1000110111101
111101000010
111001111111
101000011100
100011110111
110111101100
101001111110
1000100101011
110101011010
100011110111
100011000110
100110111010
100100101000
100110001001
100101011001
101001111110
110000110101
101001001101
101001111110
110100101001
101010101110
111011100001
101100010000
100110001001
100011110111
100011110111
100101011001
100111101011
101000011100
101001111110
101101110010
100101011001
100110001001
101011011111
101001111110
100011110111
100100101000
101001111110
110100101001
110001100110
111001001110
111011100001
100011110111
100100101000
101100010000
101010101110
100110001001
110110001011
101001111110
100101011001
101010101110
100110111010
100110111010
110011000111
1000011111010
100011110111
101010101110
100011110111
100011110111
1000110001100
110101011010
101000011100
100111101011
110000110101
101011011111
1000100101011
100111101011
100101011001
100100101000
111001001110
100100101000
100110111010
100100101000
101000011100
101010101110
100100101000
101000011100
100011110111
100110001001
1000001100111
101101110010
100011110111
100011000110
1001000011111
1000100101011
100011110111
100011000110
111101110011
101111010011
110011111000
100110001001
111100010001
1000111101110
1000011111010
111011100001
111101110011
101010101110
100011110111
111010110000
100011000110
110001100110
100110001001
1000100101011
110000000100
101001111110
100100101000
110000000100
110110001011
1000110001100
101101110010
100111101011
100101011001
100110111010
100101011001
101100010000
100011110111
110011111000
100011110111
100111101011
100011110111
110110111100
100101011001
111000011101
100011000110
100011000110
100101011001
100111101011
1000000110110
110001100110
1000011111010
100111101011
100011110111
100111101011
101001001101
100111101011
1000011001001
101101000001
101010101110
101111010011
100110001001
101101110010
1000010011000
110011111000
100011110111
100011110111
111001001110
101001001101
1000001100111
100011000110
100011110111
1000011111010
111010110000
100011110111
1000000110110
100011000110
101001111110
1000011001001
100101011001
110000000100
100110001001
101010101110
100111101011
100100101000
101010101110
101010101110
100110111010
101101110010
101100010000
100110111010
111001111111
110110111100
100010010101
100011110111
101001001101
1001001010000
1000110111101
101001111110
100100101000
101011011111
110110001011
100100101000
1000011001001
111101110011
100100101000
100110001001
111111010101
101110100011
101110100011
101110100011
101110100011
101110100011
101110100011
101110100011
101110100011
101110100011
101111010011
101110100011
101110100011
101110100011
101111010011
101111010011
101110100011
101111010011
101111010011
101111010011
101111010011
101111010011
101111010011
101111010011
101111010011
110000000100
110000000100
110000000100
101111010011
101111010011
110000000100
110000000100
101111010011
110000000100
110000000100
110000000100
101111010011
101111010011
101111010011
110000000100
110000000100
110000000100
110000000100
110000000100
110000000100
110000000100
110000000100
110000000100
101100010000
110000110101
101000011100
101000011100
101010101110
101010101110
101011011111
110010010111
110001100110
1000110111101
101100010000
110001100110
101010101110
101001001101
1000011001001
101111010011
101101000001
101110100011
101101110010
110110111100
1001101000100
1000110111101
110000110101
101011011111
101001111110
110111101100
101000011100
101001001101
101000011100
111010110000
101001001101
1000000110110
101001001101
101001111110
111001111111
101010101110
101001111110
101001111110
101100010000
110000000100
110000110101
101001001101
101100010000
110001100110
1000011001001
111001111111
1000011111010
110011000111
1000011001001
101010101110
110000110101
1001000011111
101011011111
101010101110
101111010011
1001011100010
1001010110001
101010101110
111010110000
1000000000110
110010010111
110000110101
101101000001
101101000001
110001100110
101110100011
111001001110
101101000001
110000110101
101101000001
1000000000110
111100010001
1000100101011
110110001011
101011011111
110010010111
101101000001
110001100110
101101110010
110100101001
1000110001100
101101110010
101101110010
101101110010
110100101001
110000110101
110011000111
110101011010
110011111000
110100101001
110000110101
1000001100111
101110100011
110011111000
110100101001
110011000111
110000000100
110101011010
1001101110100
110110111100
110010010111
1001100010011
110001100110
110110001011
110111101100
111000011101
111000011101
110010010111
110111101100
110010010111
110011000111
111101110011
110001100110
110111101100
111001111111
111000011101
111110100100
110011000111
1000010011000
110011000111
110000000100
1000101011011
110100101001
111000011101
1001000011111
101100010000
110101011010
101011011111
101111010011
110011111000
110011000111
111000011101
101100010000
101110100011
101111010011
110001100110
111101110011
110100101001
110000110101
110001100110
110100101001
110000110101
110000000100
1000000000110
101100010000
101101110010
101011011111
110001100110
101100010000
110001100110
110010010111
110100101001
101010101110
110011000111
110110001011
111000011101
101011011111
110100101001
101111010011
101110100011
101100010000
110010010111
110100101001
101011011111
101011011111
110011111000
101100010000
101101110010
101011011111
110011000111
101100010000
101011011111
111010110000
110110111100
110100101001
110010010111
110011000111
101111010011
111101000010
110000000100
110011000111
101110100011
111110100100
110000110101
110001100110
111100010001
110010010111
1000101011011
110000000100
110001100110
101101000001
110011000111
110000110101
110000110101
110000000100
110000110101
110000110101
101100010000
110101011010
101101110010
101110100011
110011000111
110000110101
101101000001
101100010000
111111010101
101101110010
110011000111
101101110010
101100010000
110001100110
1000101011011
1000110001100
101100010000
101101000001
110011111000
111111010101
110010010111
110100101001
101100010000
1001000011111
101100010000
110000000100
101101000001
101110100011
111100010001
101101000001
1000101011011
110101011010
110011111000
1000111101110
101111010011
110001100110
1000111101110
101101000001
101101000001
110000000100
101101000001
111111010101
110100101001
110000110101
110100101001
110011111000
110000000100
1000110111101
101101000001
110011111000
110010010111
101101110010
101100010000
110001100110
110110111100
101100010000
1001000011111
101100010000
101101110010
1000011111010
101101110010
101101110010
110000110101
110100101001
101100010000
1001000011111
101101110010
101111010011
101101000001
111001001110
110000000100
101111010011
111101110011
111000011101
110000000100
110100101001
1000011111010
111010110000
110000110101
110000000100
111111010101
101101110010
110010010111
111001111111
110010010111
110100101001
1000011111010
110010010111
101101110010
111101000010
110110001011
110011111000
110101011010
1000000110110
111011100001
110000110101
1000000110110
1000011001001
101111010011
110111101100
110000110101
101101110010
110011000111
101111010011
110011000111
110001100110
110111101100
110111101100
1000000000110
110011111000
110001100110
110011111000
110110001011
110011000111
110001100110
111001111111
110000110101
110110001011
110010010111
1000111101110
1000010011000
110011111000
110100101001
110010010111
1000011001001
110010010111
110000110101
110001100110
110001100110
1000001100111
111001001110
1000000000110
111001001110
110010010111
110000110101
111000011101
110110001011
110011000111
111000011101
111001111111
110001100110
110110111100
1000011001001
1000100101011
110001100110
111001001110
110101011010
110010010111
110101011010
1000110001100
1000000000110
110110111100
111000011101
111100010001
110011111000
110110001011
110110001011
111011100001
1000101011011
110000110101
111001001110
110011000111
110000110101
110111101100
110110111100
1000110111101
111110100100
110000110101
110000110101
1000111101110
110000110101
110001100110
111000011101
110111101100
110110001011
111000011101
110000110101
110100101001
1000101011011
110011111000
110000110101
110000110101
110101011010
1000110111101
110011111000
110011111000
110010010111
111111010101
110101011010
110111101100
110111101100
110100101001
110000110101
110000110101
111001001110
110011111000
1000011111010
110001100110
111000011101
111001001110
1000011001001
110000000100
1000111101110
110001100110
110011000111
110011000111
110101011010
110001100110
111000011101
1000000000110
110100101001
110101011010
110011000111
110011111000
110000000100
111000011101
110010010111
1000100101011
110000000100
1000100101011
110000000100
1000001100111
110010010111
111001111111
111001001110
110100101001
111101110011
111101000010
110111101100
111000011101
110101011010
111000011101
110100101001
110000110101
110001100110
110000110101
110000110101
110000110101
1000011111010
111110100100
1000100101011
110101011010
111011100001
110110001011
111001001110
110000110101
110000110101
110001100110
110001100110
111001111111
110000110101
111001001110
110000110101
110111101100
110011111000
110000110101
111101000010
111000011101
110000110101
110011111000
110000110101
111000011101
110010010111
111000011101
110010010111
1000110111101
110011000111
110110111100
111100010001
110111101100
111000011101
110011111000
111100010001
110110001011
1000100101011
110011111000
110001100110
110011111000
110111101100
110111101100
110000110101
110000110101
110000110101
110100101001
110000110101
110101011010
1000011111010
110000110101
110110111100
111000011101
110001100110
110000110101
1000011111010
110011000111
111000011101
110011111000
110000110101
110101011010
111011100001
111000011101
110100101001
111000011101
110000110101
110000110101
110010010111
1000010011000
110000110101
111001111111
110001100110
1000101011011
111001111111
110001100110
110111101100
111001111111
110010010111
1000000110110
110011000111
110011111000
110100101001
111000011101
111000011101
111010110000
1000110001100
110001100110
111101110011
110001100110
111001111111
110011111000
110010010111
110110111100
111001111111
1000011001001
110111101100
110011000111
110001100110
111111010101
111000011101
110011000111
110001100110
111100010001
110101011010
110010010111
111010110000
110011000111
110110111100
111011100001
110011111000
110001100110
110111101100
111101110011
111101110011
110101011010
110100101001
111101110011
110010010111
110101011010
111101110011
110110001011
110110001011
1000011001001
111010110000
111000011101
110110001011
111111010101
110100101001
111101000010
1000110111101
110011000111
110011000111
110111101100
110110001011
110100101001
110101011010
110110001011
111001001110
1000000000110
111010110000
111001001110
111001001110
111001001110
111000011101
110001100110
110010010111
1000001100111
111001111111
110110001011
110011111000
110010010111
110010010111
110110001011
110011000111
110100101001
110010010111
110111101100
111010110000
111001111111
1000000110110
110010010111
111000011101
110110001011
111000011101
110011111000
110110001011
1000110001100
110010010111
110111101100
111000011101
110111101100
110110001011
1000110111101
110011111000
110100101001
110011111000
110100101001
110110001011
110100101001
110110001011
111100010001
110011000111
110110001011
110110111100
111010110000
110001100110
110101011010
111000011101
111101110011
111000011101
111100010001
110001100110
110011000111
110000110101
110011000111
110101011010
110110001011
110001100110
110001100110
110001100110
110010010111
110001100110
1000110001100
110010010111
1000000000110
110101011010
110011000111
110101011010
111001111111
110010010111
110011111000
111001001110
1000000000110
110010010111
110010010111
111000011101
110010010111
111001001110
1000100101011
111001111111
110011000111
110111101100
110001100110
111001111111
110001100110
110011111000
1000101011011
111001111111
110100101001
111100010001
110010010111
1000011001001
110110001011
110101011010
110011000111
1000000000110
110101011010
1000001100111
111110100100
110101011010
110010010111
110110111100
111001111111
110101011010
110011000111
110100101001
110110111100
111010110000
110010010111
110001100110
1000001100111
110110111100
111111010101
111001111111
110011000111
1000011001001
111111010101
111000011101
110001100110
111000011101
110011000111
110101011010
1000011001001
110101011010
111001001110
111100010001
110110001011
111111010101
111000011101
110001100110
110000110101
111001001110
111011100001
110110111100
1000110111101
110101011010
110011000111
110000110101
110101011010
110011111000
110011111000
110110111100
111110100100
1000000000110
110111101100
111001111111
110001100110
110111101100
1000000000110
111001111111
110011111000
110110111100
110100101001
110010010111
110111101100
111001111111
110011111000
111100010001
111001111111
111010110000
110011111000
110001100110
110111101100
110000110101
110001100110
111001001110
110001100110
110101011010
110100101001
111001111111
110101011010
110010010111
110101011010
111100010001
110110111100
111101000010
111100010001
110010010111
110011111000
111110100100
111001001110
110100101001
110010010111
110000110101
1000101011011
110001100110
110000110101
110000110101
111010110000
110000110101
110001100110
111001001110
111011100001
110001100110
111000011101
110011111000
111000011101
110100101001
110110111100
111000011101
110001100110
111110100100
110000110101
110011111000
110000110101
110001100110
110101011010
111000011101
1000101011011
110000110101
111000011101
110100101001
110000110101
110110001011
111000011101
110011111000
110101011010
110010010111
110110111100
110001100110
110100101001
110111101100
110010010111
1000101011011
110011000111
111101000010
110110001011
110101011010
110001100110
1000101011011
110000000100
110100101001
1000011001001
111010110000
111000011101
110100101001
110000110101
111001001110
110111101100
111100010001
111100010001
110010010111
110011111000
111101000010
111001001110
110100101001
110100101001
111001111111
110000000100
110000000100
110000110101
110110111100
110011111000
110111101100
110111101100
110011111000
110001100110
111000011101
110000000100
110010010111
110001100110
110110001011
111000011101
110111101100
111010110000
1000100101011
110100101001
110110111100
111000011101
110010010111
111000011101
110001100110
110000110101
110000110101
110101011010
110000110101
110101011010
110010010111
111001001110
110111101100
110010010111
110000110101
111001111111
110111101100
111001111111
110011111000
110111101100
111100010001
110011000111
110011111000
110000110101
111010110000
110010010111
110110111100
110011111000
110100101001
110011000111
111010110000
1001000011111
110011111000
110010010111
111001001110
111010110000
111010110000
111001001110
110110111100
110111101100
1000001100111
110010010111
110011000111
1000111101110
110001100110
110001100110
110111101100
111011100001
110110001011
110110111100
110011000111
111101110011
110001100110
1000100101011
110010010111
110100101001
110001100110
110111101100
110011000111
110011000111
111000011101
111110100100
111011100001
110001100110
110100101001
110100101001
110011000111
110010010111
1001010000000
111001111111
111010110000
1001001010000
110011111000
111011100001
1000011001001
110011000111
110010010111
110011111000
1001000011111
110011111000
110001100110
110101011010
110010010111
110011000111
1001010110001
110010010111
111001111111
1001011100010
110110001011
111010110000
110110001011
1001101000100
110001100110
111000011101
110100101001
110011000111
110110111100
110010010111
110110111100
111010110000
111001001110
111001001110
111001111111
110110111100
110100101001
110111101100
110101011010
110111101100
110011000111
111011100001
110110001011
110011000111
111100010001
111010110000
1000100101011
111001111111
110101011010
110011000111
1000111101110
110011111000
110010010111
110011111000
110110111100
111000011101
110101011010
111100010001
110010010111
111001001110
110111101100
110110111100
111101000010
111010110000
111101000010
110011111000
1000100101011
111011100001
1001101000100
110011111000
110111101100
110011111000
1000110001100
110110001011
110100101001
1000001100111
111000011101
110111101100
110101011010
110100101001
1000110001100
110101011010
110100101001
1000111101110
110101011010
111101000010
111000011101
111001111111
110110001011
110110111100
110110001011
111111010101
1001011100010
110111101100
110110001011
111000011101
111100010001
111101110011
111000011101
111011100001
1000110111101
110101011010
111001111111
111011100001
1001001010000
110101011010
110101011010
111101000010
111000011101
1000100101011
111000011101
111000011101
1001101000100
111001001110
110110001011
110100101001
111000011101
110101011010
1000110111101
110011111000
111001001110
110101011010
111010110000
111100010001
110011111000
110011111000
111001001110
110101011010
111001001110
111101000010
110111101100
1001100010011
111001111111
110110111100
110011000111
110100101001
111000011101
110011111000
1000101011011
110011000111
110011111000
111100010001
1000100101011
1001000011111
111100010001
111100010001
110101011010
111011100001
110100101001
111010110000
111011100001
110011111000
110100101001
111101000010
110111101100
111101000010
1000001100111
111001001110
110110001011
1001000011111
110100101001
111001001110
1000111101110
110111101100
111110100100
110101011010
110011111000
110100101001
110110111100
111101000010
110110111100
1000111101110
111001111111
1000100101011
110101011010
111000011101
111001001110
110011111000
111000011101
111100010001
111000011101
110101011010
110111101100
110110001011
1000110001100
110110001011
110011111000
111110100100
111010110000
111000011101
111100010001
1000001100111
110110001011
1000110111101
1000011001001
111101110011
1000110111101
110011111000
110011000111
110011111000
