100101000101
100101001111
100101011001
100101011001
100101011001
100101001111
100101100011
100101100011
100101100011
100101101101
100101110111
100110001011
100110000001
100101110111
100101110111
100110000001
100101101101
100110000001
100110000001
100110000001
100110010101
100110010101
100110001011
100110000001
100110000001
100110000001
100110000001
100101110111
100110001011
100110000001
100110000001
100110000001
100110001011
100110001011
100110001011
100110010101
100110011111
100110011111
100110010101
100110001011
100110001011
100110011111
100110011111
100110011111
100110010101
100110001011
100110010101
100110001011
100110001011
100110001011
100110001011
100110000001
100110000001
100110000001
100110000001
100110001011
100110010101
100110010101
100110001011
100110000001
100110000001
100110000001
100110001011
100110001011
100110101001
100110101001
100110001011
100110001011
100110000001
100110101001
100110001011
100110000001
100110001011
100101110111
100110011111
100110010101
100110001011
100101110111
100110010101
100110101001
100101110111
100101001111
100101011001
100101101101
100101100011
100101100011
100101001111
100101001111
100101100011
100110000001
100101110111
100110000001
100101110111
100101101101
100110000001
100110000001
100110001011
100110001011
100110010101
100101110111
100100111011
100100111011
100101110111
100101011001
100101101101
100110000001
100110010101
100110001011
100110010101
100110010101
100110001011
100110001011
100110001011
100110011111
100110001011
100110010101
100110010101
100110010101
100110001011
100110000001
100110001011
100101101101
100110001011
100110010101
100110001011
100110001011
100110000001
100110000001
100101101101
100110001011
100110010101
100101110111
100110000001
100101110111
100110011111
100110010101
100110000001
100110011111
100110001011
100110000001
100110010101
100110001011
100110011111
100110011111
100110010101
100110010101
100110011111
100110010101
100110010101
100110001011
100110000001
100110000001
100110011111
100110010101
100110010101
100110010101
100110001011
100110010101
100110010101
100110001011
100110010101
100110011111
100110010101
100110000001
100110000001
100101101101
100110000001
100101101101
100101100011
100101101101
100110000001
100101110111
100101101101
100101101101
100110010101
100110011111
100110011111
100110011111
100110010101
100110110011
100110011111
100110101001
100110101001
100101101101
100110000001
100110010101
100110101001
100110010101
100110000001
100101110111
100110000001
100110001011
100110001011
100110010101
100110101001
100110010101
100110010101
100110010101
100110101001
100110101001
100110101001
100110101001
100110011111
100110010101
100110010101
100110011111
100110101001
100110101001
100110011111
100110101001
100110111101
100110011111
100110010101
100110011111
100110101001
100110101001
100110101001
100110011111
100110011111
100110001011
100110011111
100110010101
100110011111
100110101001
100110001011
100110011111
100110010101
100110010101
100110001011
100110001011
100110001011
100110010101
100110011111
100110101001
100110101001
100110010101
100110010101
100110011111
100110010101
100110011111
100110011111
100110101001
100110011111
100110001011
100110010101
100110011111
100110101001
100110101001
100110011111
100110010101
100110010101
100110101001
100110110011
100110101001
100110011111
100110101001
100110101001
100110110011
100110110011
100110111101
100110101001
100110110011
100110110011
100110101001
100110110011
100110101001
100110110011
100110101001
100110011111
100110110011
100110011111
100110110011
100110110011
100110101001
100110110011
100110101001
100110110011
100110101001
100110101001
100110101001
100110101001
100110011111
100110101001
100110011111
100110101001
100110010101
100110011111
100110011111
100110011111
100110011111
100110101001
100110011111
100110011111
100110011111
100110010101
100110010101
100110010101
100110011111
100110110011
100110101001
100110101001
100110011111
100110010101
100110101001
100110011111
100110011111
100110110011
100110101001
100110011111
100110011111
100110001011
100110001011
100110001011
100110000001
100110001011
100110001011
100110011111
100110011111
100110011111
100110011111
100110010101
100110010101
100110010101
100110101001
100110010101
100110010101
100110001011
100110001011
100110010101
100110001011
100101101101
100110001011
100110010101
100110011111
100110010101
100110001011
100101110111
100110001011
100110011111
100110011111
100110010101
100110001011
100110001011
100110000001
100110010101
100110010101
100110010101
100110001011
100110001011
100110001011
100110001011
100110001011
100101110111
100110000001
100110001011
100101110111
100101110111
100110000001
100110000001
100101101101
100101101101
100110001011
100110000001
100101110111
100101110111
100110000001
100110001011
100110001011
100101100011
100101110111
100101101101
100101011001
100101100011
100101110111
100101101101
100110000001
100101110111
100110001011
100110010101
100110010101
100110001011
100110000001
100110001011
100110010101
100110011111
100110001011
100101110111
100101100011
100101011001
100110000001
100110001011
100110000001
100110001011
100101110111
100110001011
100101110111
100101100011
100101001111
100101100011
100101101101
100101101101
100101100011
100101110111
100101110111
100110001011
100110101001
100110011111
100110010101
100110001011
100110010101
100110010101
100110010101
100110010101
100110010101
100110010101
100110010101
100110101001
100110010101
100110001011
100110010101
100110001011
100110000001
100101101101
100110000001
100110011111
100110001011
100110001011
100110000001
100110001011
100110001011
100110000001
100110001011
100110001011
100110010101
100110010101
100110010101
100110000001
100110001011
100110001011
100110010101
100110001011
100110001011
100110000001
100110000001
100110000001
100110010101
100101100011
100101101101
100110000001
100110001011
100110000001
100110010101
100110000001
100101110111
100110000001
100110000001
100110000001
100101110111
100101101101
100110010101
100110000001
100101100011
100101100011
100110000001
100110000001
100101110111
100110001011
100110000001
100101110111
100101101101
100110000001
100101101101
100110000001
100101101101
100110001011
100110010101
100110001011
100110000001
100110001011
100101100011
100110000001
100101101101
100101101101
100101101101
100110011111
100110010101
100110010101
100110001011
100101110111
100101100011
100101100011
100101000101
100101100011
100110010101
100110001011
100101101101
100110001011
100110010101
100110010101
100110000001
100101101101
100110011111
100110011111
100110101001
100110101001
100110110011
100110011111
100110101001
100110010101
100110011111
100110000001
100110001011
100110011111
100110011111
100110111101
100110110011
100110011111
100110001011
100110001011
100110101001
100110011111
100111011011
100110101001
100110101001
100110010101
100110000001
100110010101
100110101001
100110011111
100110011111
100110101001
100110101001
100110011111
100110110011
101000000100
100111100101
100110110011
100110010101
100110011111
100110110011
100110101001
100110110011
100110111101
100111010001
100111000111
b1111100010100
b1111100010100
b1111100010100
b1111100010100
b1111100010100
b1111100010100
b1110111011010
b1110111011010
b1110111011010
b1110111011010
b1110111011010
b1110111011010
b1110111011010
b1110111011010
b1110111011010
b1110011010101
b1110011010101
b1110011010101
b1110011010101
b1110011010101
b1110011010101
b1110011010101
b1110011010101
b1110011010101
b1110011010101
b1110011010101
b1110011010101
b1110011010101
b1110011010101
b1110011010101
b1110011010101
b1110011010101
b1110011010101
b1110011010101
b1110011010101
b1110011010101
b1110011010101
b1110011010101
b1110011010101
b1110011010101
b1110111011010
b1110011010101
b1110011010101
b1110011010101
b1110011010101
b1110011010101
b1110011010101
101001111101
b1110011010101
101000110110
101000101100
101000101100
101000100010
101000101100
101000101100
101000101100
101000011000
101000100010
101000110110
101000110110
101000011000
101000101100
101000101100
101000101100
101000100010
101000011000
101000100010
101001011111
101001000000
101001000000
101001000000
101000101100
101000101100
101001010101
101001001010
101001001010
101001010101
101001010101
101001011111
101001001010
101001000000
101001001010
101001001010
101001011111
101001110011
101001101001
101001110011
101001011111
101001000000
101001011111
101001110011
101001001010
101001010101
101001000000
101001010101
101001001010
101001011111
101001010101
101001101001
101001000000
101001000000
101001011111
101001011111
101001101001
101001101001
101001110011
101001010101
101001000000
101001011111
101001001010
101001010101
101001010101
101000110110
101001000000
101001000000
101001110011
101010011100
101001111101
101001001010
101001010101
101001101001
101001011111
101001010101
101001101001
101001010101
101001001010
101001010101
101001010101
101001011111
101001011111
101001101001
101001101001
101001111101
101001111101
101010000111
101010000111
101010010001
101010000111
101010011100
101010000111
101010010001
101011000100
101001010101
101001111101
101001101001
101001110011
101001101001
101001010101
101010000111
101001110011
101100110101
101011011001
101001110011
101010000111
101001111101
101001010101
101001011111
101010011100
101010100110
101010010001
101010110000
101010000111
101001111101
101011000100
101010000111
101010111010
101010100110
101001110011
101001111101
101010011100
101010000111
101001111101
101000011000
101001000000
101000011000
101000001110
101001000000
101001011111
101001000000
101000101100
101000110110
101001001010
101001000000
101001000000
101001000000
101001010101
101000110110
101001001010
101001001010
101000101100
101001001010
101000110110
101000101100
101000110110
101001000000
101001010101
101001010101
101001011111
101001010101
101000110110
101001000000
101001001010
101001001010
101001000000
101001001010
101000110110
101000011000
101000100010
101000100010
101000100010
101000101100
101000100010
101000011000
101000101100
101000011000
101000100010
101000000100
101000000100
101000011000
101000110110
101000100010
101000000100
101000001110
101000011000
101000100010
101000011000
101000011000
101000011000
101000101100
101001111101
101001101001
101001010101
101001000000
100111100101
100111100101
100111000111
100111011011
100111010001
100111010001
100111110000
100111011011
100111010001
100111011011
100111100101
100111011011
100111110000
100111111010
100111010001
100111111010
100111111010
101000000100
100111111010
100111110000
101000001110
100111100101
100111110000
101000000100
101000001110
100111100101
100111100101
101000001110
100111110000
101000011000
101000100010
100111111010
100111111010
101001101001
101001001010
101001001010
101001001010
101001010101
101001001010
101001000000
101000100010
100111111010
101000000100
101000001110
100111111010
100111000111
100111011011
100111111010
101000000100
101000000100
101000000100
101000100010
101000110110
101000100010
101000011000
100111111010
101000011000
101000110110
101000110110
101000001110
101000011000
101000011000
101000011000
101000101100
101000100010
101000011000
101000101100
101000110110
101000011000
100111111010
101000000100
101000101100
101000101100
101000110110
101000100010
101001000000
101000100010
101000001110
101000000100
101000000100
101000000100
101000001110
101000100010
101000001110
101000100010
101000011000
101000001110
101000001110
101000011000
101000001110
101000001110
101000100010
101000100010
101000000100
101000001110
101000100010
101000101100
101000011000
101000001110
101000000100
101000000100
101000000100
100111111010
100111111010
100111111010
101000000100
101000011000
101000011000
101000100010
101000100010
101000011000
100111111010
101000100010
100111111010
101000001110
100110110011
100101101101
100101101101
100110011111
100110011111
100110010101
100110000001
100110010101
100110001011
100110010101
100101110111
100110000001
100110001011
100110000001
100110001011
100101110111
100110001011
100110000001
100110101001
100110010101
100110010101
100110011111
100110010101
100110000001
100110010101
100110010101
100110000001
100110000001
100110000001
100110101001
100110101001
100110011111
100110001011
100110010101
100110010101
100110001011
100110000001
100110000001
100110001011
100110001011
100101101101
100101101101
100110001011
100101100011
100101101101
100110001011
100110000001
100101110111
100110000001
100101110111
100101101101
100101101101
100110000001
100110001011
100110011111
100110000001
100110001011
100110000001
100101110111
100101110111
100101101101
100101110111
100110000001
100110001011
100110010101
100110000001
100110000001
100101110111
100110001011
100110110011
100110010101
100110010101
100101110111
100101101101
100110010101
100101100011
100101100011
100101110111
100101110111
100101101101
100110000001
100110000001
100110001011
100110001011
100110010101
100110010101
100110101001
100110011111
100110000001
100101110111
100110000001
100110001011
100101110111
100101110111
100101100011
100110000001
100110001011
100110010101
100110010101
100110001011
100110001011
100110010101
100110101001
100110010101
100110011111
100110001011
100110000001
100101101101
100101011001
100101000101
100101100011
100110000001
100101110111
100101110111
100101011001
100101100011
100101011001
100101100011
100101100011
100101011001
100101001111
100100111011
100101000101
100101011001
100101101101
100101100011
100110010101
100110101001
100110000001
100101110111
100101110111
100101110111
100101101101
100101000101
101000100010
100101001111
100100100111
100100110001
100100100111
100100001001
100100110001
100100010011
100101000101
100100111011
100101011001
100101000101
100101000101
100101001111
100101100011
100101000101
100101100011
100101100011
100101001111
100101100011
100101001111
100101001111
100101001111
100101011001
100101001111
100100111011
100101001111
100101100011
100101101101
100101000101
100101011001
100101100011
100101100011
100101011001
100101001111
100100111011
100101100011
100101011001
100101100011
100101011001
100101011001
100101100011
100101100011
100101011001
100101001111
100101001111
100101100011
100101101101
100101100011
100100111011
100100111011
100101000101
100101001111
100101101101
100110000001
100101100011
100101100011
100100111011
100101011001
100101000101
100101001111
100100110001
100101000101
100101001111
100101001111
100101011001
100100011101
100100110001
100101000101
100100111011
100101000101
100100111011
100100110001
100101000101
100101011001
100100110001
100100110001
100101000101
100101000101
100101001111
100100111011
100100100111
100101001111
100110001011
100101001111
100100111011
100110001011
100110010101
100110001011
100110010101
100110001011
100110001011
100101110111
100110001011
100110000001
100110000001
100101011001
100101110111
100110000001
100110011111
100110011111
100110000001
100110011111
100110000001
100110101001
100110011111
100101110111
100110000001
100110010101
100110011111
100101101101
100101101101
100110010101
100110010101
100110001011
100110010101
100110000001
100110000001
100110001011
100110000001
100110010101
100110000001
100110010101
100110001011
100110011111
100110101001
100110010101
100110011111
100110011111
100101110111
100110001011
100110001011
100110000001
100110000001
100110010101
100110010101
100110001011
100110001011
100101110111
100110011111
100110110011
100110110011
100110101001
100110010101
100110101001
100101110111
100110001011
100110101001
100110001011
100110001011
100110000001
100110001011
100110001011
100110010101
100110001011
100110001011
100110010101
100110011111
100110011111
100110001011
100110010101
100110001011
100101110111
100110000001
100101101101
100101110111
100101110111
100101101101
100101101101
100101110111
100101110111
100110000001
100110001011
100110000001
100110001011
100101110111
100101110111
100101101101
100101100011
100101100011
100101100011
100101101101
100101100011
100101110111
100101110111
100110000001
100110001011
100101110111
100101110111
100101101101
100101101101
100101101101
100110000001
100110000001
100110010101
100110001011
100101101101
100101100011
100101110111
100110000001
100110001011
100110000001
100101110111
100101110111
100110000001
100110000001
100101110111
100101100011
100110000001
100101110111
100101110111
100101101101
100101110111
100101110111
100101101101
100101110111
100101100011
100101101101
100101101101
100101101101
100101101101
100101101101
100101110111
100101100011
100101100011
100101101101
100101110111
100101101101
100101101101
100110000001
100101101101
100101101101
100101100011
100101100011
100101101101
100101101101
100101101101
100101110111
100101101101
100101100011
100101101101
100101001111
100101100011
100101100011
100101110111
100110000001
100101100011
100101100011
100101101101
100101011001
100101001111
100101000101
100101101101
100101101101
100101001111
100101000101
100101001111
100101101101
100101001111
100100111011
100101000101
100101100011
100101101101
100101011001
100101001111
100101001111
100101011001
100101011001
100101100011
100101100011
100101011001
100101101101
100101101101
100101100011
100101100011
100101100011
100101101101
100101011001
100101001111
100101001111
100101000101
100101001111
100101000101
100100111011
100101000101
100101100011
100101011001
100101011001
100101001111
100101011001
100101100011
100101011001
100101100011
100101001111
100101001111
100101011001
100101011001
100101011001
100101011001
100101011001
100101011001
100101011001
100101001111
100101001111
100101011001
100101011001
100101100011
100101100011
100101001111
100101011001
100101001111
100100110001
100100111011
100100111011
100100111011
100100111011
100100100111
100100111011
100100111011
100101000101
100100111011
100100111011
100101000101
100100111011
100100100111
100100100111
100100110001
100100100111
100100110001
100100100111
100100100111
100100100111
100100100111
100100111011
100101001111
100101011001
100101000101
100100111011
100100011101
100100100111
100101000101
100101001111
100100111011
100101011001
100100110001
100110000001
100101100011
100110000001
100101100011
100101011001
100101001111
100101011001
100101001111
100101101101
100101100011
100101100011
100101100011
100101100011
100101100011
100101011001
100101011001
100101001111
100101011001
100101100011
100101011001
100101011001
100101001111
100101001111
100101011001
100110000001
100101011001
100101100011
100101100011
100101101101
100101101101
100101100011
100101100011
100101101101
100101110111
100101100011
100101001111
100101101101
100101100011
100101110111
100101110111
100101101101
100110001011
101000001110
101000000100
100110010101
100110011111
100110111101
100111111010
101000001110
101000100010
101000001110
100110110011
100101100011
100101011001
100101011001
100101101101
100101011001
100101100011
100101100011
100101100011
100101100011
100101110111
100101101101
100101100011
100101100011
100101011001
100101100011
100110000001
100101101101
100101101101
100110000001
100110000001
100110000001
100101110111
100101110111
100101110111
100110111101
100111010001
100110111101
100111100101
100111011011
100111011011
100111010001
100111010001
100111011011
100111010001
100111010001
100110111101
100111011011
100111011011
100110110011
100110110011
100110110011
100111100101
101000000100
100111111010
101000001110
100111110000
100111011011
100111011011
100111111010
101000001110
101000001110
100111111010
101000001110
101000101100
101001000000
101000000100
101000001110
101000101100
101000000100
101000101100
101000110110
101001000000
101000100010
100111100101
101000011000
101010011100
101001110011
101000100010
101000101100
101000001110
101000000100
101001000000
101010010001
101001011111
101000100010
101000011000
101000001110
101000110110
101000011000
101000001110
101000100010
101000101100
101000101100
101001000000
101000110110
101000100010
101001001010
101000110110
101000001110
101000001110
101000110110
101001010101
101001001010
101010100110
101001000000
101001011111
101000110110
101000110110
101001110011
101001110011
101011001111
101010011100
101000110110
101000110110
101000110110
101001001010
101001110011
101001101001
101001101001
101001010101
101001110011
101001011111
101001011111
101001111101
101010000111
101001010101
101001110011
101001001010
101010011100
101001110011
101001110011
101001000000
101000101100
101001001010
101001111101
101001011111
101001101001
101010110000
101001111101
101011001111
101001111101
101001000000
101001101001
101001001010
101001000000
101000101100
101010010001
101011100011
101010011100
101010011100
101010000111
101010010001
101010010001
101010111010
101010111010
101011000100
101011011001
101011000100
101010110000
101010011100
101011000100
101001111101
101001010101
101001011111
101001011111
101010000111
101010010001
101001111101
101010010001
101010011100
101001111101
101010011100
101010010001
101001111101
101001110011
101100110101
101100001100
101101001010
101101011111
101101110011
101101110011
101110001000
101101011111
101101011111
101110100111
101100110101
101110100111
110001000100
110000011010
101111011011
101111000110
101100100001
101010100110
101010010001
101010011100
101011000100
101010110000
101011001111
101010111010
101011000100
101011000100
101010110000
101010110000
101010111010
101011000100
101010100110
101010100110
101011000100
101010110000
101010111010
101010111010
101011001111
101001111101
101010110000
101010100110
101011000100
101010110000
101010110000
101010010001
101010011100
101010010001
101010011100
101010110000
101001111101
101010100110
101010011100
101010100110
101010011100
101010100110
101011000100
101010100110
101010010001
101010010001
101010000111
101010011100
101010110000
101010110000
101010110000
101010011100
101010110000
101010100110
101001110011
101010000111
101010110000
101010011100
101001111101
101010011100
101010011100
101010000111
101010000111
101001011111
101001111101
101001010101
101001011111
101001101001
101001101001
101001011111
101001010101
101001001010
101001001010
101001011111
101001000000
101000101100
101001001010
101001000000
101001010101
101001101001
101001000000
101001001010
101001101001
101001110011
101001000000
101001001010
101001001010
101000101100
101001011111
101001101001
101001110011
101001011111
101001001010
101001011111
101001001010
101000110110
101000110110
101001001010
101000110110
101001000000
